id,Y_1,Y_2,Y_3,Y_4,Y_5,Y_6,Y_7
0,0.18579644024433906,0.6671569110742513,0.010895299191179424,3.460977581121454e-05,0.13219392330192759,0.0031267298045496764,0.0007960866079417141
1,0.0048991084360994796,0.015309199072274968,0.7614795232704716,0.09519826954609562,0.0006306694071035647,0.12224554371683811,0.0002376865511168619
2,0.7736026585572413,0.21967250648650766,0.0006930427735039578,2.72281775475659e-05,0.0008902285441527724,0.0024072422486971445,0.002707093212349366
3,0.21411710170599155,0.7295098720222999,0.0011196724527041458,3.435295477502846e-05,0.05348842257856841,0.0010098291771861237,0.0007207491084748663
4,0.24569980798636654,0.7376109381104787,0.0015316643812883417,4.658006291182504e-05,0.012168100509507998,0.0014804511594251257,0.001462457790021297
5,0.018636880588418676,0.6097906229593177,0.31124024852990173,3.375882264327939e-05,0.010975108544660018,0.04871687106873808,0.0006065094863207087
6,0.6673538420712456,0.329592102550609,0.0008761745479726431,2.7510505745153255e-05,0.0007172231430232643,0.0008253962409923335,0.0006077509404121539
7,0.3682736457946994,0.6272016512229617,0.0010501636360671798,3.0316387409427555e-05,0.0018649046588399627,0.0009095809593619438,0.0006697373406602963
8,0.3346512323294637,0.6604235973922351,0.0009172878269937619,3.250424057407007e-05,0.002324601782912558,0.0007782961568692451,0.0008724802709515636
9,0.2760717973212515,0.7097955127771823,0.0008736572514995583,3.3245137765622855e-05,0.011372692005823857,0.0009633127885558411,0.0008897827179214548
10,0.15856798336329803,0.8212000172780024,0.0011879852652566009,2.8970746869695022e-05,0.017904786024166224,0.0006289064291078514,0.0004813508932993734
11,0.30507128116398835,0.6894380182659392,0.0011269463811282344,3.219783821113232e-05,0.0026542247339660513,0.000966030027718774,0.0007113015890484497
12,0.5720862773882092,0.4241053463178931,0.0012147555358508065,3.470662212894673e-05,0.0007719640327214152,0.0010202254768739883,0.0007667246263225359
13,0.1208732975638211,0.8159964391930488,0.012763551736883262,3.5753637653621814e-05,0.04255238031478881,0.00691122454103389,0.000867353012770495
14,0.21702208993863392,0.761589336982844,0.002000130636119314,5.0534733198174504e-05,0.015336620995049415,0.0025981966474657027,0.0014030900666893666
15,0.15583808058959572,0.7549419963946888,0.02535761397598839,4.226220659220214e-05,0.026702915252587466,0.035729466540791247,0.001387665039756233
16,0.6250314306030689,0.37121495151858164,0.0011684486923673608,3.6178753817067745e-05,0.0005994565633304038,0.0007853801966170584,0.001164153672217476
17,0.03416402981002147,0.008256376050837377,0.0002373742292646307,4.9298848756898815e-06,8.297588513130935e-05,0.00010701015114790794,0.9571473039887217
18,0.875454012948701,0.11229849667316633,0.0009427445434736458,2.8670184331012017e-05,0.0010039317387133785,0.0009112226343301811,0.009360921277284216
19,0.009983627107329902,0.03223792968584342,0.3539019506704274,2.5110041857208104e-05,0.001766477338609356,0.6015662252355768,0.0005186799203559747
20,0.5947193730318093,0.395620715622008,0.001527343853361017,4.120137276810647e-05,0.0007879257627825398,0.0008944128481905474,0.006409027509080417
21,0.2051600110725646,0.7920412696898025,0.001166743376551196,2.6048432137025737e-05,0.0005335074654189268,0.0005654678670466569,0.0005069520964791952
22,0.18395957054183865,0.8090342336234398,0.0016740974891878574,3.58936228737706e-05,0.003258575407422363,0.001076914458427439,0.0009607148568100352
23,0.6952024786819395,0.07429520546259734,0.0007665984145801152,2.3313333400892667e-05,0.0008163531516274939,0.000740966183939054,0.22815508477191554
24,0.39564301616558495,0.6004109297736517,0.0015808273964762819,3.2828385209158054e-05,0.0005439433065238593,0.0007126493013152306,0.001075805671238786
25,0.29759201107295263,0.6966446237089156,0.000840337175760825,3.1977214324944235e-05,0.0029130320689871496,0.000926573374993282,0.0010514453840656196
26,0.010959785711205304,0.5326971705742757,0.3094470587981978,3.2843384039823905e-05,0.020228679936759714,0.1260438225249827,0.0005906390705391273
27,0.08979110670046994,0.8859652150677629,0.0042057166927475945,2.841970201968979e-05,0.017790452918356105,0.001286386541484916,0.0009327023771591119
28,0.6727196470135376,0.2920303997491846,0.002408866942313699,5.002393814539842e-05,0.0008288615521838795,0.001085935977088799,0.030876264827545845
29,0.15536843808378473,0.8150003186817458,0.0011281540916642818,3.352509704431844e-05,0.02717565514116267,0.0007277737492398465,0.000566135155358198
30,0.0024812255344200175,0.016375432122013533,0.6898270087762236,0.23636850902594245,0.005348134432405706,0.04934919407285778,0.00025049603613700296
31,0.3877385996915551,0.607512666527762,0.0018587889570815532,3.9853515257215624e-05,0.0006655055022282165,0.0011715220068762,0.0010130637992395043
32,0.011020660098821893,0.4448651766097888,0.3319237231820099,3.0354450311945702e-05,0.007003615193967601,0.20449509696091753,0.0006613735041824581
33,0.824061582311522,0.16718151482086455,0.0007185775501576864,2.8231384649560414e-05,0.0009016271395435906,0.0011305998865339293,0.005977866906728856
34,0.3405987491076401,0.6552487905182725,0.000974493729698761,3.059757375003167e-05,0.0015534024971453062,0.0009180173781869209,0.0006759491953065282
35,0.008684690252422219,0.06401134061692294,0.7442613206531475,3.7413137629412515e-05,0.0006611750361614922,0.18176789372620109,0.0005761665775152527
36,0.03245672615382538,0.6170284316986082,0.2888859109859541,3.13764739051521e-05,0.027014814790099755,0.033992459499338205,0.000590280398269258
37,0.2654550056457327,0.7314121794459083,0.000932409012200177,2.8355866323211663e-05,0.0007354919850041186,0.0006155584015075939,0.0008209996433237106
38,0.8381453631298634,0.1550768395764219,0.0009241233597588385,2.81038880068794e-05,0.000545418958137613,0.0006100883739708558,0.004670062713840522
39,0.0717077097274668,0.8547341241086743,0.029241884896804637,3.821891219306958e-05,0.020835543183215337,0.022755268575558932,0.0006872505960868621
40,0.023470964934538725,0.8414786078145209,0.0800162159655595,4.04598147873182e-05,0.02635227319683183,0.02791386910379355,0.0007276091699683144
41,0.6546075828107367,0.08799039418889362,0.0018779295599742646,4.02639009045538e-05,0.0011125752705605672,0.0012080356777941655,0.25316321859113605
42,0.6370499484223267,0.35994146097550805,0.0008721471813188756,2.7384052752741324e-05,0.0006824996973418925,0.0008216022785851739,0.0006049573921666869
43,0.21929279557090392,0.760084677094654,0.0014372636616313604,3.1277305501760824e-05,0.017672181572283178,0.0006789779567541682,0.0008028268382715896
44,0.38041012749154807,0.612862561083552,0.0008338665778897964,3.470076609873105e-05,0.0012413438033219912,0.0010011880706268365,0.003616212206962648
45,0.061238157615196395,0.7880184737941561,0.034764388154099504,3.7644152449553775e-05,0.09802746990241097,0.01632182540193734,0.001592040979750296
46,0.6572873488085054,0.27404939569660686,0.0020562997611781046,4.4088261657304875e-05,0.0013496240623498018,0.0013227777700974123,0.06389046563960506
47,0.054129273322364106,0.8823743010346621,0.028527635874248208,3.945482575395244e-05,0.010728737488010641,0.023491122722113227,0.0007094747328476828
48,0.007267313657768654,0.025325136996049803,0.5907423498618605,0.012303951881458936,0.0014382821839436432,0.3625159917177314,0.00040697370118704417
49,0.2369130537087977,0.7593753846545687,0.0011545488629833723,3.194951684700573e-05,0.0009762157857864789,0.0006935705400467308,0.0008552769309699035
50,0.13592803641128592,0.8279203706450087,0.009659342104312553,3.642389068303037e-05,0.02319911854783274,0.002601735793146607,0.000654972607730436
51,0.013866033143121438,0.425083023887442,0.5136633970763905,2.2816160639486955e-05,0.008696024081092393,0.038239431971162495,0.00042927368015139146
52,0.7456996949771729,0.11639081081056812,0.0007765722887439787,2.3616652908549175e-05,0.00044498219440751875,0.0005126780098214139,0.13615164506637745
53,0.7549061561697822,0.24226016986725696,0.0009163765323644776,2.7868296116250733e-05,0.0004838749445544765,0.0006049740683118234,0.0008005801216138309
54,0.6070753047604717,0.3901637667172096,0.001014486179851137,2.807360028960092e-05,0.0006630940137428466,0.0006094308783182538,0.00044584385011683415
55,0.007233251383817876,0.03898539816113446,0.7920134193839308,0.03531774963639492,0.004533508959417495,0.1215069574964953,0.0004097149788090448
56,0.009572453509165808,0.5109342264730019,0.3941315065802946,2.0772922987189093e-05,0.060503237674008045,0.024405606942230693,0.0004321958983117175
57,0.7547900383967131,0.24268220082545397,0.00072430951620968,2.2742182083538182e-05,0.0005959655326948568,0.0006823324797299543,0.000502411067114962
58,0.004731140400827566,0.03695789222586312,0.8701179350866658,0.0014674328713616674,0.0008819238823379667,0.08551101725597704,0.00033265827696668423
59,0.302026610026567,0.6804002279764514,0.0010834402334507051,3.705829478490509e-05,0.003355607846175068,0.001069207594750379,0.012027848027820429
60,0.8190481029944261,0.17475594282780468,0.0008576707078571598,2.6929514205302824e-05,0.0010245175508934686,0.0008558990270894401,0.003430937377723822
61,0.8017143038188014,0.06536391929675156,0.0007169082105785068,2.2509792702268004e-05,0.000789152270975415,0.0007154273013236301,0.1306777793088671
62,0.18099482164394828,0.764289065973098,0.001615656703079207,4.2145594601058397e-05,0.04912776965326712,0.003172680426318833,0.0007578600056875756
63,0.6717423915879278,0.3032838237124239,0.0007823170928366816,2.8621256527835865e-05,0.00041679776747332366,0.0009280065309794574,0.022818042051830984
64,0.6307663394021666,0.36653268041944526,0.0008609424013789021,2.6182466413402537e-05,0.0004933269504680521,0.0005683775268670721,0.0007521508332606263
65,0.22937295645359912,0.7551360379001215,0.001884676777144203,4.8441025250827036e-05,0.010929795550232133,0.0010515735873101973,0.0015765187063419789
66,0.6503486086814981,0.34649427608134753,0.0007471923540408738,2.8432789523434177e-05,0.0005116368396006096,0.0008238699431879909,0.0010459833108015493
67,0.49394594082709015,0.03891601377756515,0.0005670235603588015,1.7243982060733096e-05,0.0005967783428238467,0.0005480643786000013,0.46540893513150133
68,0.8386112000764878,0.04065055166962285,0.002115688975186033,4.3935633210173726e-05,0.001516148936115179,0.0013964034194029887,0.11566607128997472
69,0.01172148603767728,0.06600808504666812,0.6880165145697025,0.019932215921379316,0.0027670940611488675,0.21102125488940005,0.0005333494740239772
70,0.0331170418796855,0.8801234985737808,0.035150714870084816,4.231793109363364e-05,0.025609672509247353,0.02519579528410148,0.0007609589520063908
71,0.4769657372675465,0.5199648703737365,0.0008888199049125858,2.790755010754746e-05,0.0007157806295844543,0.000820361990604397,0.0006165222835079789
72,0.5932717090266323,0.40372703194661214,0.001065056744058298,2.9473025766426763e-05,0.0004135739504530477,0.0006398100633420873,0.0008533452431357876
73,0.7676190382375084,0.011607222149832898,0.0006378422608832262,1.7207837584671505e-05,0.00030813945369690613,0.0003734995354692562,0.21943705052502466
74,0.006300532340568902,0.04366716012909086,0.4106598798422528,0.005747407451112569,0.0012954851947906622,0.5319767016450252,0.0003528333971589287
75,0.6264528502187885,0.2751424397592481,0.0021035484094800165,4.368351513039947e-05,0.0007238051920380751,0.0009482960047632184,0.09458537690055173
76,0.6116691958832585,0.37829917733747703,0.0014236921221739312,3.93974450979997e-05,0.0007181814891404556,0.0008552525975253336,0.0069951031253264635
77,0.17248935411794153,0.7428049550931044,0.0013711270146236547,3.79428251654119e-05,0.0792078376803596,0.0012059343847244702,0.0028828488840808805
78,0.42973193999058695,0.5630821373849512,0.00203822361357015,4.3700698549755406e-05,0.001533801981735224,0.0013889365061215712,0.0021812598244852657
79,0.0314650256997996,0.49702494823831944,0.07399008175532477,3.068135892352432e-05,0.019542117102703517,0.37731638993489647,0.0006307559100326479
80,0.6500181399987015,0.3436475418272427,0.0006859675386285138,2.9180845423068054e-05,0.0003382164098573294,0.000946150463581928,0.0043348029165647855
81,0.004588673941255237,0.008614357772353962,0.5389911700736925,0.34757554782898786,0.0012599132773636027,0.0987073011549553,0.0002630359513915213
82,0.7039166466176385,0.29075476170605197,0.0011241660693520105,3.11087420577292e-05,0.000469194582653765,0.0006753187264919712,0.0030288035557538623
83,0.3033258353727924,0.09604812926171057,0.0006965469712515089,2.1870481742163165e-05,0.0007657001180606424,0.0006428981357495026,0.5984990196586932
84,0.14816712594092563,0.8390135738076632,0.0012257946336744225,3.3066831367426695e-05,0.00988073699709438,0.0007178255683478249,0.0009618762209271766
85,0.7419404784307981,0.18833347126033093,0.0014756702759376548,4.109941854931553e-05,0.0009455657424240018,0.001233103669261047,0.06603061120269899
86,0.32488855319176163,0.636670476038332,0.0011386193478053462,3.5132974332150275e-05,0.0010441656413555074,0.0010327583986378386,0.03519029440777551
87,0.022191830993769663,0.544002438806327,0.3518183724518163,3.417643803194663e-05,0.00891608622553069,0.07229244675950551,0.0007446483250190114
88,0.12752066002467025,0.8187298918406606,0.0013773498602991862,2.8602851824601512e-05,0.051165909410876474,0.0006209200433879073,0.0005566659682812359
89,0.6412388648537769,0.34599463434781397,0.002266736230518108,4.7072368753776096e-05,0.000779956118545133,0.0010218623453423215,0.008650873735249861
90,0.2315917349297645,0.7237023803898063,0.0011900452855016373,3.400062878603128e-05,0.041765113044277546,0.0009994723078600271,0.000717253414004082
91,0.3560133738633162,0.07020016233892275,0.0007509602704832146,2.025777886893658e-05,0.00034098577842477074,0.0004397624758320051,0.5722344974941521
92,0.6834207333827018,0.13770991073224975,0.002003688894380734,4.1609774103525666e-05,0.0007706205381829415,0.0009032785576821455,0.17515015812069915
93,0.0059135198554928735,0.19185309180381968,0.7000885808631429,1.9663352944335753e-05,0.004534775434532809,0.09715989436292022,0.0004304743271472043
94,0.04078400887844328,0.676393403868397,0.2384409498341091,3.468360421555843e-05,0.018831164974149682,0.02453208433017278,0.0009837045105125343
95,0.12534330067963498,0.8380299240690364,0.0018430545938185887,3.9516161366676226e-05,0.03192738690057102,0.0012559396285502793,0.0015608779670222847
96,0.00692009944043286,0.040233739747010465,0.7907332125947861,0.006245726703843533,0.0011505959288431735,0.15429083261760107,0.0004257929674827998
97,0.21092269324675117,0.7195817912429348,0.0010036989570202338,3.139316723378241e-05,0.0635971553106083,0.004217934292608355,0.0006453337828432242
98,0.6816562585004498,0.013594055348483642,0.0004345206710179913,1.6536196925013936e-05,0.0002661996891530605,0.00047911159503917657,0.3035533179989314
99,0.01846200868591458,0.18616130987111984,0.4706760230768474,5.438546890308858e-05,0.005375028833690913,0.3182885407682619,0.0009827032952622733
100,0.16295053225722012,0.7939756687915875,0.004925561599652607,3.794388706904269e-05,0.03457160849195843,0.0028563798646556674,0.000682305107856545
101,0.440979816554059,0.554422753054263,0.0009296422610340293,2.9189308023488146e-05,0.0021648014936744044,0.0008580401626883611,0.0006157571662576111
102,0.2789081034921913,0.7064875363017296,0.0016467705724943452,3.530771790202627e-05,0.010680562230569297,0.0010378951083194975,0.0012038245767940715
103,0.3844474826887925,0.6096396075507726,0.0015856273183037538,4.4494426472455344e-05,0.0018688122850206365,0.0009658995328582729,0.0014480761977800195
104,0.5423884019949752,0.4523819123772978,0.0008753643610706878,2.748506714793257e-05,0.0009103547784764895,0.0008079428079670664,0.00260853861306481
105,0.012657863773014255,0.21380635807243242,0.26948500056002783,3.95531599814837e-05,0.0015311388769804074,0.5016999109790654,0.0007801745784981748
106,0.014545292993741013,0.5162677482725144,0.40076238498042943,2.8581271495773355e-05,0.01279292950753378,0.05508957313856286,0.0005134898357228455
107,0.8730406727597675,0.11387451546332457,0.0009401457053153752,2.8591150016191622e-05,0.0009894802178520398,0.0009087106917587063,0.010217884011965416
108,0.8181680406108592,0.11481742195028223,0.0007302012486790644,3.11427969037528e-05,0.0007226304351292991,0.003155584596469166,0.0623749783616775
109,0.8095745673292739,0.16419456648680306,0.0008510075034283116,2.6720300043415638e-05,0.0006241669799904932,0.0007854619430472683,0.023943509457413487
110,0.12075736754773479,0.8210484591670414,0.01956122621704914,5.4480102086452105e-05,0.02352977358775383,0.013669211401931452,0.001379481976402974
111,0.4948969596094048,0.5012869144607547,0.0006361265786984726,2.6391806746262485e-05,0.0018354069025402842,0.0007614576001425266,0.0005567430417130904
112,0.6259564912177951,0.3557359245354541,0.001350103559757925,4.4664641528067476e-05,0.0014777850668059084,0.0009695946168437483,0.014465436361815132
113,0.6452772784431338,0.346690892285909,0.0010905443607786129,4.1498307776166194e-05,0.0008445715234498139,0.0012024570590152355,0.004852758019937618
114,0.1420030318847437,0.8466160707953398,0.0011295521789175828,3.1257790403643675e-05,0.008584784770792877,0.0006785543166345071,0.0009567482631675285
115,0.005661751498485405,0.007530740478603303,0.483944321389499,0.34173612372439366,0.001120926193982516,0.1596775659463102,0.00032857076872586
116,0.05178682158594068,0.5988238868385414,0.11388732896576612,4.8210724286384314e-05,0.010613036984469052,0.22360853496205335,0.0012321799389430359
117,0.022173902648830998,0.7175049881901249,0.20107958321384184,3.343520447209661e-05,0.021881915415470313,0.036697110100329854,0.0006290652269300428
118,0.1768373363332722,0.8181553046159731,0.0011184296956656952,3.4013016312843276e-05,0.00217084862350396,0.00073836565997798,0.0009457020552940862
119,0.012092930284206242,0.30366378675277317,0.26177310379210766,3.334118368598899e-05,0.009203317294456661,0.4124628918176176,0.0007706288751527683
120,0.09387717653360485,0.8505545241570917,0.012689276584434965,4.0647775592165516e-05,0.024483306439974293,0.017624142211237925,0.0007309262980641931
121,0.31146958002036074,0.6762042279376914,0.0010528633613299658,3.60124348420435e-05,0.002931978977649205,0.0010390323964461043,0.007266304871680782
122,0.210762114942882,0.7353718870989111,0.009953483871084612,3.613957735373019e-05,0.03615854131606184,0.00697492980997488,0.0007429033837318884
123,0.7121943942176765,0.11203212244557162,0.0009276982202619253,2.912826819420578e-05,0.0011081678549633622,0.0009257818844467588,0.17278270710888574
124,0.22854234427104597,0.7583278296358752,0.00474406154961381,4.88349604505369e-05,0.00549711401025671,0.0016032733274263143,0.0012365422453314418
125,0.6278907097229998,0.3676471560716223,0.0012787141764565107,3.53855098151794e-05,0.0008097030558250876,0.0007681601969089855,0.001570171266372201
126,0.7502517033980666,0.09388258077544466,0.0010810276001466054,2.9914982925637847e-05,0.0006208671975392574,0.000649404213609191,0.1534845018322682
127,0.5785761365812819,0.41871584628074765,0.0009165599344568503,2.787387363121109e-05,0.0007158162418288639,0.0006050951468270855,0.00044267194122631374
128,0.20190176773982,0.008087170308919166,0.00021627490573476225,8.49772766779784e-06,0.00027003093706104295,0.000705657878338382,0.7888106005024588
129,0.4800369601259233,0.4800311992322232,0.0009991571029414866,3.137196496335652e-05,0.0008136338208556842,0.000922200892852657,0.03716547686024052
130,0.09740390940411124,0.78206247866875,0.040349626693234664,3.852326749641077e-05,0.06166501284129101,0.017641162956537955,0.0008392861685787479
131,0.4791783970214018,0.5157807608770971,0.0011382389238852077,3.461544273730811e-05,0.001587063393167481,0.0011001804018914737,0.0011807439398195518
132,0.7859677035036376,0.1941584820446032,0.000891537154673764,3.159176138989032e-05,0.0005387825276945463,0.0006858042678121799,0.017726098740188698
133,0.460455249287848,0.5357488018070279,0.0013733760120614351,3.529928467625929e-05,0.000594169486252453,0.0007662883934493958,0.001026815728684535
134,0.7021065638973839,0.20779955224081637,0.0011833004790342404,3.4159815206045046e-05,0.0008584831317827162,0.0010041517042203812,0.08701378873155627
135,0.8928824962388429,0.09325441638423143,0.0006752423167640356,2.0535066284651137e-05,0.0007577118078009273,0.00044578192155903234,0.011963816264516945
136,0.003966643079084666,0.011895719765825602,0.5896039360570399,0.2646658261507754,0.0024776917392583934,0.1271965194749835,0.00019366373303252054
137,0.4060718411747326,0.5908197920983232,0.0008892750172582425,3.151160218947152e-05,0.0005221251359029378,0.0006840641457255014,0.0009813908258680308
138,0.8249289547654567,0.1702834978712997,0.0007407933156358459,2.8189287952334622e-05,0.0004149410720621774,0.0017021319590151123,0.00190149172857815
139,0.4923887850193873,0.47817874359886986,0.0009953013239693924,3.125089955486078e-05,0.0009008919537846978,0.0009186420903377777,0.0265863851140961
140,0.7390401093364435,0.2215644317559499,0.0015991835947545131,4.313930963687663e-05,0.0007261354353015395,0.0009364822142809882,0.03609051835363276
141,0.27955736977733503,0.6975284854309853,0.0030289761910975324,3.657193304300028e-05,0.017994079800048794,0.0008756948150129434,0.000978822052477441
142,0.43577838507952515,0.5613404220016617,0.0009251392421703559,2.813478241639729e-05,0.0005089243082979367,0.0006107590398966148,0.0008082355460319526
143,0.6103223878007812,0.37750665373710185,0.002161019674854321,4.4876997000950834e-05,0.0015305606935909497,0.0014263227245386414,0.007008178372132285
144,0.007553349740262386,0.051009788181629934,0.7723664109223541,0.0017786675153220334,0.000999901155403953,0.16578569675336108,0.000506185731666611
145,0.10098626732303982,0.7788095343357565,0.030498258061162263,3.537346971588315e-05,0.013911398672327796,0.07503201324935459,0.0007271548886432854
146,0.5349150736532186,0.4617381054757251,0.0004997574206454362,2.506851627179032e-05,0.00035069312261818726,0.0018667594065962234,0.0006045424049247107
147,0.009316309646122014,0.5195264716360951,0.3347237241592219,2.970671387189858e-05,0.0029835559635126,0.13280216191116453,0.0006180699700120398
148,0.061837522771838356,0.7940498361461394,0.034181011292551126,3.887614930966677e-05,0.09218978240583718,0.016855997015269495,0.0008469742190546428
149,0.004128716847835882,0.02651265340696532,0.5708584836972888,0.32491704573311136,0.001604464153018045,0.07176090657655539,0.00021772958522524216
150,0.10508966794093856,0.7510556531554958,0.037538414662884365,4.983577790040494e-05,0.07940541744426823,0.025587407502377695,0.0012736035161348227
151,0.28876911243584114,0.7031855055591549,0.0008652001465003209,3.165355271877776e-05,0.005295258689373121,0.0010060428409284603,0.0008472267754830546
152,0.6804265762431797,0.3073267836750241,0.0010580237202090072,3.74912394154992e-05,0.0006393953312507654,0.0008138720623835034,0.009697857728537502
153,0.03912913479685019,0.7371069329517244,0.06637440401958453,3.642366195247578e-05,0.025649346694639377,0.13095501470519086,0.0007487431700583438
154,0.8131972193543755,0.03425737222756923,0.0009181971608821,3.359246106900984e-05,0.001111283923930616,0.0011116914210185438,0.14937064345115494
155,0.24084579661184055,0.756132582009286,0.0013131434352554494,2.726950369378276e-05,0.0005585166785613404,0.0005919752869588621,0.0005307164744038528
156,0.00515928947601074,0.03506557544389996,0.8777671829643612,0.0014851815409376897,0.001145821713906876,0.0790738801577477,0.00030306870313584553
157,0.433687789118491,0.5631297821184429,0.0009305377916297493,2.829895988015712e-05,0.001022170663424356,0.0006143230578674861,0.0005870982902642393
158,0.18998089760130243,0.8057182564507308,0.0010271348833403372,3.123661297436426e-05,0.001659972716380543,0.0006780945900873896,0.0009044071451839597
159,0.30927813318008257,0.6742857671932413,0.0008136490106505051,3.096165390433148e-05,0.014058156573333147,0.0008971464450276306,0.0006361859437604096
160,0.5992354925007609,0.3145311682447145,0.002415658022285896,5.016496567934068e-05,0.0008311982794592158,0.0010889974488270482,0.08184732053827302
161,0.8007570675495376,0.19362392188717437,0.0008235457369358223,2.585804367382382e-05,0.0006993619071823666,0.0007758175093364077,0.00329442736615974
162,0.055281323048450376,0.8790247134829893,0.03212244436108126,3.867219748034776e-05,0.009812293947554177,0.02302515141265433,0.0006954015497902447
163,0.4487464752365943,0.5484554969017249,0.0008692050476099702,2.6433745078600436e-05,0.000908755802450381,0.0005738323661486202,0.0004198009003930885
164,0.8243913778391951,0.17085942432224907,0.0009210290418909429,2.8009785458882216e-05,0.0004863316124302337,0.0006080455651438329,0.00270578183363195
165,0.2254149162992387,0.7621755347143906,0.0015102793758841892,3.1363343800524024e-05,0.009382025290492741,0.0006808457042266463,0.000805035271966827
166,0.10198418454736165,0.74832019214338,0.04795812325361317,4.836309096830166e-05,0.07368540635328445,0.026767763093608846,0.00123596751778358
167,0.6209969761469789,0.05556709873306189,0.001572308983065654,4.3790937608201934e-05,0.000933543366884388,0.0012872652958878647,0.3195990165365131
168,0.0294140790672711,0.4585949861659774,0.20703540785555788,3.6749959487409836e-05,0.007837514886662024,0.29642036908618186,0.0006608929788621972
169,0.011990237214940783,0.11759439336366978,0.2912160296231278,3.2523786158225345e-05,0.0026640473356027566,0.5757099397529319,0.0007928289235685831
170,0.6656242044652796,0.32889265071640156,0.001156050745373776,3.8244912219647166e-05,0.0006336913581928559,0.0008302330376149771,0.0028249247649174383
171,0.25057547729313695,0.7419997277001286,0.0011035107466738617,3.464850560479589e-05,0.004481637743609142,0.0010395572712158805,0.0007654407396309092
172,0.1317886865915387,0.786836836234851,0.0021565746836622233,4.478468971716343e-05,0.07494030609838424,0.0014233889280436647,0.0028094227738030392
173,0.7001198343196268,0.17254271280241612,0.001026244677301959,3.636514395727243e-05,0.0006932120115331886,0.0007894264146184195,0.12479220463054638
174,0.20403592567913045,0.726888422768411,0.0023003862685958506,3.171193336737052e-05,0.061830903664406404,0.004260763185793,0.0006518865002959998
175,0.23087198787215768,0.747707639954811,0.0008517749135511212,3.346442595379008e-05,0.01824930173981005,0.0013401707587469417,0.0009456603349692498
176,0.18476343215496857,0.7734083888540471,0.0026069740297553867,5.077510975979182e-05,0.035527075654401274,0.00229827947499812,0.0013450747220698528
177,0.1630544578247966,0.7310506028213751,0.0017534558847824664,4.031270851708552e-05,0.10008824602482579,0.0030347024986768566,0.0009782222370260803
178,0.28682784538532813,0.7099144866832291,0.0010051067682704173,2.9868527885634286e-05,0.000774727268543136,0.0006483957524378553,0.0007995696143057137
179,0.7131264709389176,0.21090457817772057,0.0006262897274519644,2.4605592248024994e-05,0.0003459251181043057,0.0009654515538012345,0.07400667889175631
180,0.24339588775048565,0.741685145777524,0.0008493956246818043,3.622639029754386e-05,0.00939655122536097,0.0036706863407902227,0.0009661068908596439
181,0.14422727112993924,0.8329015296017686,0.0014898145130795629,3.0938358504279554e-05,0.020076707035960175,0.0006716199847004426,0.0006021193760478018
182,0.22249265767283868,0.7444961468435889,0.001017640045207542,3.606023744546913e-05,0.02935443600866019,0.001264157294994753,0.001338901897264224
183,0.20835684932184656,0.7423971672922521,0.010329747393601572,3.49256900898751e-05,0.035120273366807266,0.0029939136982106455,0.0007671232371917422
184,0.1497179649277892,0.8362015714455849,0.0011909200195426226,3.295600597578293e-05,0.011224855055612203,0.0007154197345725814,0.0009163128109227305
185,0.6776083189355561,0.0306881465014306,0.0008225315357863601,3.009379607828589e-05,0.0009467980905442402,0.000995865910729293,0.2889082452298755
186,0.5868287146235066,0.40230343486667003,0.0022970144706843877,4.770114437712982e-05,0.000883433816785159,0.0010355120118066372,0.006604189066170039
187,0.2878823218027563,0.6883127703735246,0.0011382397187612902,3.3824809317383225e-05,0.021361383059028467,0.0007342800010897125,0.0005371802355224129
188,0.14218851875298621,0.7528409422669035,0.0015643810068481892,3.6197955367562946e-05,0.10028192987604473,0.0024070440127044825,0.000680986129145294
189,0.8273352273029009,0.16324259339590616,0.0009276245186799594,2.821036316214346e-05,0.0004898142266754514,0.0006123997713948507,0.007364130421280402
190,0.6395028843735946,0.35792338106917343,0.0008748829308868184,2.5998695902551016e-05,0.0006955729779172565,0.0005643881766347577,0.00041289177589038376
191,0.5710425802848954,0.42539353586857304,0.0008306087688436703,3.038801895679346e-05,0.0009778029546241834,0.0009117301168685339,0.0008133539872385027
192,0.20924435502434915,0.014053771655797923,0.0006922406725753504,1.4376736820331409e-05,0.00024197775263462893,0.00031206748614835916,0.7754412106716743
193,0.7691646972497036,0.17274564810197668,0.0007112961530327883,2.1631514032687516e-05,0.00046426338373418464,0.00046958396715428155,0.05642287963036591
194,0.09542339213899736,0.8645636872684059,0.010758396711346215,4.131726978943301e-05,0.02545800845282592,0.0030122330489002207,0.0007429651097348238
195,0.2089810483871774,0.7820744537222715,0.000895979683280769,3.409456964357768e-05,0.004899702015011581,0.0019338493495146707,0.0011808722731004963
196,0.07306543399382244,0.7908749076266072,0.033013190566886244,3.872070693117342e-05,0.09392957395252981,0.008234585475517454,0.0008435876777055045
197,0.3433649389366487,0.6508649261237551,0.001163437922649863,3.2403324047948124e-05,0.0027955032927439775,0.0010298727751145785,0.0007489176250396684
198,0.22313218941815077,0.56370159171725,0.17105629618628154,2.488183711578063e-05,0.023855091907161455,0.017599189594607868,0.0006307593394325848
199,0.005622681037338882,0.22531341904511384,0.6487578877435894,1.6126087398310036e-05,0.008227021156808031,0.11159414743404862,0.00046871749570278996
200,0.4256078449586632,0.5699934303439876,0.0017709046718534505,3.677564094972649e-05,0.0006093465642698762,0.0007983376173169543,0.0011833602029591795
201,0.3930903633651431,0.6040825602689875,0.0008550626168268183,2.6003653915253494e-05,0.0006044235444879376,0.0005644958067927999,0.0007770907438465458
202,0.24687969819067976,0.7303775870990943,0.009591092882458978,3.168902639557811e-05,0.008349226513306744,0.004085220910267474,0.0006854853777969602
203,0.401278488388596,0.5945885153595238,0.0006565165354122547,3.0799931991430206e-05,0.001907304996021856,0.0008886410287946195,0.0006497337596598446
204,0.010408758860108187,0.46897250021043513,0.47673922926018514,2.310090762162663e-05,0.010591922413079314,0.032786467967062895,0.00047802038150761587
205,0.0349049309177248,0.7764158154860696,0.09818870705207088,4.454435661770948e-05,0.02447840558438215,0.06516653306599914,0.0008010635371356958
206,0.8243608339992378,0.15339473777177082,0.0010473901703578247,3.112505407192245e-05,0.0005630147189287334,0.0006756728330203239,0.019927225452612767
207,0.013493083970420124,0.034091691505633764,0.6789685446791923,0.020109237269785894,0.004606441676034941,0.24807670557344705,0.000654295325485778
208,0.06161339576696574,0.7928470742482175,0.05984818215850096,3.7874817818013306e-05,0.0630889109372753,0.0209627658255065,0.001601796245715945
209,0.14154677378882893,0.768456464677502,0.0017408851496161924,3.67748911952278e-05,0.08575357797885722,0.001773683586842014,0.0006918399271583951
210,0.730304408080585,0.10672210421619187,0.002075601357760506,4.3103150328174134e-05,0.0007141889545198054,0.0009356972562052643,0.15920489698440948
211,0.15606317269924078,0.6353847893206016,0.0017746825789997657,3.2671113933293775e-05,0.20357344541129269,0.0024594504992365347,0.0007117883766954271
212,0.3544876473907973,0.6352791382770632,0.0010901198407677647,3.344624358562432e-05,0.007420913988649056,0.0009831757664289494,0.0007055584927081371
213,0.7420695554352441,0.22632237376461123,0.002772350485726184,5.757224974914016e-05,0.001083175294714016,0.0012497971891540075,0.026445175580801363
214,0.626197970932305,0.28318218753535124,0.002321611379179534,4.82119381480582e-05,0.0008115196322925158,0.001046600489709192,0.08639189809301444
215,0.719985703665614,0.2505263868255253,0.0008156178274691979,2.5609119758568258e-05,0.0006491658700339304,0.0007527980199553138,0.02724471867164379
216,0.7837967446287506,0.2121985723295391,0.0007895696339232769,2.4011920412014397e-05,0.0006166391817596514,0.0005212586058020688,0.0020532036998131974
217,0.09153137489900048,0.8640913075991107,0.01363238666395286,4.129469489006269e-05,0.02695048974680894,0.0030105872272303633,0.000742559169006567
218,0.5982067315609028,0.1361127822739542,0.0009026116811841291,2.7449687678406597e-05,0.0004965317701048114,0.0005958867797091837,0.26365800624646657
219,0.22384537387106052,0.7256596237822905,0.000952309583622665,3.623808220983383e-05,0.04500651467406073,0.003792355571881402,0.0007075844348743503
220,0.5640930791363014,0.4323541881727814,0.001206203647047664,3.337894564521701e-05,0.0005502056819872287,0.000724601046964292,0.0010383433692727397
221,0.7211365893778878,0.2555767662126628,0.001855535925746324,4.14262490030048e-05,0.0013441984397351773,0.0008992945348973895,0.019146189260067645
222,0.5431281115080137,0.45276421939954314,0.0006373574153335508,3.181311613993774e-05,0.0003912698102942239,0.0007103387087723157,0.002336890041903141
223,0.30297156454102747,0.694902337160447,0.000655935327537003,2.3243173036721383e-05,0.0004899929990895175,0.000504570386859834,0.0004523564120024628
224,0.4920694812007574,0.5013505801313809,0.0019299806903113823,4.137990738239662e-05,0.0011434128491642054,0.001315174948929091,0.0021499902720746892
225,0.5576758510296695,0.43767031552378993,0.0015522940179079558,4.187442424100302e-05,0.0007878334096003526,0.0009090236692483878,0.0013628079255427017
226,0.031355746430543195,0.7650678065430337,0.12232710422240868,3.763805638536993e-05,0.047738215915820295,0.032765410321126065,0.0007080785106827717
227,0.5247367032417116,0.4699482088729758,0.0007111500100549003,3.0330269047479546e-05,0.0006914878289325504,0.0030732541495480962,0.0008088656277295069
228,0.11294094316073769,0.8653138458840163,0.0146827374709383,3.8723730035613384e-05,0.00416042443462439,0.0018828079271057388,0.0009805173925418746
229,0.80807298743587,0.18665300270108623,0.0007157641400722682,2.9567424408076354e-05,0.0004477647465723,0.0017853469060960154,0.002295566645895222
230,0.4811029680311705,0.021804524714048326,0.0004890600718428176,1.9215818356710656e-05,0.00025942268953883275,0.0015063301510314176,0.4948184785240112
231,0.07817283593434618,0.7757154904682892,0.023398883468613338,3.7071237979915896e-05,0.10590488381744151,0.016073420023274488,0.0006974150500552589
232,0.169615674810836,0.7923196537575464,0.001216074688049312,3.731069623149278e-05,0.03489025921178099,0.001096774059827829,0.0008242527757279368
233,0.42156119831639505,0.5758866213128233,0.000837512132220765,2.5469919053315063e-05,0.0007317948644827001,0.0005529093161986201,0.00040449413882623624
234,0.6638748178274796,0.33299912069817883,0.0009687736549307633,2.946176613184461e-05,0.0005717716276335592,0.0006395656355194298,0.0009164887901259571
235,0.5101435620485952,0.4870780370508618,0.0009002484703161554,2.737781912009263e-05,0.0004952317544947027,0.000594326633587384,0.0007612162230247359
236,0.21780332295145563,0.6569932413016518,0.000978402309256597,3.5795080712247756e-05,0.12211102587815419,0.0012548617428197117,0.0008233507359495728
237,0.2227410211024574,0.7619959125267078,0.0008217766726160475,3.228585882702355e-05,0.01101676248548044,0.002479885764268287,0.0009123555896429511
238,0.8505285554037298,0.1452556603915278,0.0007732500766909004,2.351561977862245e-05,0.00042837574144277023,0.000510484749659721,0.0024801580171704093
239,0.4768335410439736,0.5189652438601295,0.0008278949098835768,2.5994600878826746e-05,0.0020378111017391666,0.0007641295075970814,0.000545384975798165
240,0.12038596687283848,0.7934422452171932,0.041365368151267165,2.7608833779683158e-05,0.0365140919328427,0.007467351519096234,0.0007973674729824039
241,0.011418025149121892,0.3666505928683367,0.11066698515866923,3.4782458071965084e-05,0.024134409171050905,0.48649790431557777,0.0005973008791715209
242,0.10779379111086605,0.889898042324376,0.0007665380197980354,1.5918376318304564e-05,0.0007919616525576993,0.0003455613088805843,0.00038818720720320486
243,0.4488134689713478,0.5485373762793049,0.0008693348119549167,2.643769139440247e-05,0.0007596006391187998,0.0005739180340601299,0.0004198635728188841
244,0.493901487155301,0.5033827137305783,0.0008715861404050794,2.6506157451408736e-05,0.0005053220630489828,0.0005754043175729636,0.0007369804356422415
245,0.04728626900781918,0.6576312843491134,0.09443308141161563,3.834134887499817e-05,0.02442105421270424,0.17523666316068795,0.0009533065091845031
246,0.43719311556269297,0.5263721901011073,0.002360132552161807,4.901189132965763e-05,0.001401935344803103,0.0010639661344803112,0.031559648413424964
247,0.5793398531218671,0.4146486247958048,0.0009234241061659637,2.899406771935238e-05,0.0008461819295288882,0.0008523009371408026,0.003360621041773074
248,0.3436471306273117,0.6526037359980421,0.0008762338220393227,3.104948535515313e-05,0.0014603965593454234,0.0007434628435516049,0.0006379906643546471
249,0.08650883618918671,0.8936627766002071,0.0014054813343462248,2.9187046448616827e-05,0.01670388879476555,0.0006336019309673337,0.0010562281040783726
250,0.6317576369673442,0.3650519870088615,0.0009130980080325597,2.801499179456856e-05,0.0007898348731586436,0.0008405323091067412,0.0006188958417017626
251,0.4590408849084758,0.5371830838527697,0.000735589091109407,2.889973193648078e-05,0.0010977636807569776,0.0011339410497121468,0.000779837685239475
252,0.41982754503290176,0.5769067557176123,0.0004328914968533676,2.4594520211816842e-05,0.00036092758739027887,0.0018541739412654664,0.0005931117037649586
253,0.29577292995892296,0.009776323782187053,0.00025801455981530114,1.0137733992708702e-05,0.0003409812415533111,0.00043004074750932773,0.6934115719760193
254,0.09060835264025811,0.7792107180259993,0.027715947891006613,4.2968427121106264e-05,0.09788533153013913,0.0034745652112535513,0.00106211627422221
255,0.4758892801491101,0.5193923976481543,0.0009502683307908252,2.98369342434659e-05,0.0021307661098661423,0.0009483053721513241,0.0006591454556838414
256,0.11395415754810305,0.6286397646774888,0.046142205490459005,3.822791063197174e-05,0.03555695737045234,0.17471820098431612,0.0009504860185486592
257,0.4541490209380385,0.5422761473056481,0.0008331603194151124,3.048136804007138e-05,0.0009808066716341813,0.0009145308644502569,0.0008158525327737398
258,0.3189188649599883,0.6709650610937417,0.0015724685149409723,4.4125176143621934e-05,0.005720826825612844,0.0014024276503301863,0.0013762257792424696
259,0.0018932575844000294,0.00817052210973324,0.27526406861420494,0.6846376223632034,0.001496999892428411,0.02843102355100724,0.00010650588502270953
260,0.34477839415504574,0.6459683779904396,0.0007876234680526279,3.6403114958919314e-05,0.0012758186768994646,0.0010503043168219911,0.006103078277781701
261,0.01185173364753159,0.3575312077699442,0.1175773721083258,2.5772115593208223e-05,0.003853986053754851,0.5086964554062798,0.00046347289857044465
262,0.24671059485341634,0.7325107553646055,0.0008704125526065985,3.31216677646365e-05,0.013605923760226579,0.00507514136473508,0.0011940504366450787
263,0.15503740236066715,0.8353537054809453,0.0010956098348258,3.3319032326176936e-05,0.0070654167176059345,0.0007233004290788434,0.0006912461445508353
264,0.028933021471804977,0.6023556256030038,0.14767488595062453,3.7586361725984285e-05,0.017209885843515297,0.20311306034892987,0.0006759344203954268
265,0.7859414400486238,0.20993596451558594,0.0008587588555397715,2.5519540444308427e-05,0.0009039952387725392,0.0005539865135507416,0.00178033528748301
